7120, asd, 123, Php 123
1436, 123, 123, Php 123
8618, 1234, 1234, Php 12344
7120, asd, 123, Php 123
1436, 123, 123, Php 123
8618, 1234, 1234, Php 12344
7120, asd, 123, Php 123
1436, 123, 123, Php 123
8618, 1234, 1234, Php 12344
7120, asd, 123, Php 123
1436, 123, 123, Php 123
8618, 1234, 1234, Php 12344
7120, asd, 123, Php 123
1436, 123, 123, Php 123
8618, 1234, 1234, Php 12344
7120, asd, 123, Php 123
1436, 123, 123, Php 123
8618, 1234, 1234, Php 12344
7120, asd, 123, Php 123
1436, 123, 123, Php 123
8618, 1234, 1234, Php 12344
7120, asd, 123, Php 123
1436, 123, 123, Php 123
8618, 1234, 1234, Php 12344
7120, asd, 123, Php 123
1436, 123, 123, Php 123
8618, 1234, 1234, Php 12344
7120, asd, 123, Php 123
1436, 123, 123, Php 123
8618, 1234, 1234, Php 12344
7120, asd, 123, Php 123
1436, 123, 123, Php 123
8618, 1234, 1234, Php 12344
7120, asd, 123, Php 123
1436, 123, 123, Php 123
8618, 1234, 1234, Php 12344
3263, asd, asd, Apparel, $123
